<?xml version="1.0"?>
<opencv_storage>
<calibration_Time>"Thu Jun 20 12:59:04 2019"</calibration_Time>
<nrOfFrames>49</nrOfFrames>
<thermal_image_Width>640</thermal_image_Width>
<thermal_image_Height>480</thermal_image_Height>
<color_image_Width>640</color_image_Width>
<color_image_Height>480</color_image_Height>
<Thermal_Camera_Matrix type_id="opencv-matrix">
  <rows>3</rows>
  <cols>3</cols>
  <dt>d</dt>
  <data>
    1.4765882312836166e+03 0. 3.2872650194695080e+02 0.
    1.4801650483468686e+03 2.1801262067177726e+02 0. 0. 1.</data></Thermal_Camera_Matrix>
<Thermal_Distortion_Coefficients type_id="opencv-matrix">
  <rows>5</rows>
  <cols>1</cols>
  <dt>d</dt>
  <data>
    -1.7973798133584359e-01 5.5132224935376783e-01
    5.5331535021746025e-04 -1.5846937594555948e-03
    4.4676289023164104e+00</data></Thermal_Distortion_Coefficients>
<Color_Camera_Matrix type_id="opencv-matrix">
  <rows>3</rows>
  <cols>3</cols>
  <dt>d</dt>
  <data>
    6.1771252441406250e+02 0. 3.1776037597656250e+02 0.
    6.1818951416015625e+02 2.4828855895996094e+02 0. 0. 1.</data></Color_Camera_Matrix>
<Color_Distortion_Coefficients type_id="opencv-matrix">
  <rows>5</rows>
  <cols>1</cols>
  <dt>d</dt>
  <data>
    0. 0. 0. 0. 0.</data></Color_Distortion_Coefficients>
<R type_id="opencv-matrix">
  <rows>3</rows>
  <cols>3</cols>
  <dt>d</dt>
  <data>
    9.9793629122268113e-01 -4.9542589339566311e-02
    4.0849608348810740e-02 4.7851657362306253e-02 9.9799686334781135e-01
    4.1382117340831741e-02 -4.2817958246518240e-02
    -3.9341995239959758e-02 9.9830798347110217e-01</data></R>
<T type_id="opencv-matrix">
  <rows>3</rows>
  <cols>1</cols>
  <dt>d</dt>
  <data>
    -3.8576691596893319e+01 -1.5331499088137139e+01
    3.5600673445616643e+01</data></T>
<E type_id="opencv-matrix">
  <rows>3</rows>
  <cols>3</cols>
  <dt>d</dt>
  <data>
    -1.0470877397746139e+00 -3.4926188667648191e+01
    -1.6778789184206371e+01 3.3875428853263870e+01
    -3.2814335619065611e+00 3.9965692764288526e+01
    1.3453900710433597e+01 -3.9258979375318916e+01
    -9.7009944513316593e-01</data></E>
<F type_id="opencv-matrix">
  <rows>3</rows>
  <cols>3</cols>
  <dt>d</dt>
  <data>
    2.0741672044894395e-07 6.9017804846992990e-06 3.3348719058823259e-03
    -6.7051772582119142e-06 6.4794528646255223e-07
    -9.6178806059716900e-03 -4.7338218957663042e-05
    2.4382149108182617e-03 1.</data></F>
<Total_Reprojection_Error>6.6231149488438446e-01</Total_Reprojection_Error>
</opencv_storage>
