<?xml version="1.0"?>
<opencv_storage>
<calibration_Time>"Wed Jun 19 15:10:14 2019"</calibration_Time>
<nrOfFrames>35</nrOfFrames>
<thermal_image_Width>640</thermal_image_Width>
<thermal_image_Height>480</thermal_image_Height>
<color_image_Width>1280</color_image_Width>
<color_image_Height>720</color_image_Height>
<Thermal_Camera_Matrix type_id="opencv-matrix">
  <rows>3</rows>
  <cols>3</cols>
  <dt>d</dt>
  <data>
    1.4731432420829017e+03 0. 3.3407336036798353e+02 0.
    1.4749792850734250e+03 2.1935293244957566e+02 0. 0. 1.</data></Thermal_Camera_Matrix>
<Thermal_Distortion_Coefficients type_id="opencv-matrix">
  <rows>5</rows>
  <cols>1</cols>
  <dt>d</dt>
  <data>
    -1.7595427930301008e-01 1.3358989507043044e+00
    4.9413783327813831e-05 -4.8311529071890950e-04
    -1.3097941013238291e+01</data></Thermal_Distortion_Coefficients>
<Color_Camera_Matrix type_id="opencv-matrix">
  <rows>3</rows>
  <cols>3</cols>
  <dt>d</dt>
  <data>
    9.2656872558593750e+02 0. 6.3664056396484375e+02 0.
    9.2728430175781250e+02 3.7243283081054688e+02 0. 0. 1.</data></Color_Camera_Matrix>
<Color_Distortion_Coefficients type_id="opencv-matrix">
  <rows>5</rows>
  <cols>1</cols>
  <dt>d</dt>
  <data>
    0. 0. 0. 0. 0.</data></Color_Distortion_Coefficients>
<R type_id="opencv-matrix">
  <rows>3</rows>
  <cols>3</cols>
  <dt>d</dt>
  <data>
    9.9895981755254304e-01 -4.3396612057063369e-02
    1.4000606321108567e-02 4.2987750231258573e-02 9.9867498921831888e-01
    2.8289914101064153e-02 -1.5209741794154534e-02
    -2.7658632861358178e-02 9.9950170774381164e-01</data></R>
<T type_id="opencv-matrix">
  <rows>3</rows>
  <cols>1</cols>
  <dt>d</dt>
  <data>
    -4.1362278272685762e+00 -1.2454326302180849e+00
    3.8937938998358370e+00</data></T>
<E type_id="opencv-matrix">
  <rows>3</rows>
  <cols>3</cols>
  <dt>d</dt>
  <data>
    -1.4844273089050941e-01 -3.8541876170641527e+00
    -1.3549671357364463e+00 3.8268326865126605e+00
    -2.8337987020669042e-01 4.1886822524595528e+00
    1.0663300243184390e+00 -4.1847948374987380e+00
    -9.9576717980713048e-02</data></E>
<F type_id="opencv-matrix">
  <rows>3</rows>
  <cols>3</cols>
  <dt>d</dt>
  <data>
    1.9569438270544116e-07 5.0747112118741710e-06 1.4529090662096327e-03
    -5.0410804559619336e-06 3.7283116497770612e-07
    -6.5261186471035990e-03 4.5034398966439744e-04
    1.7357844874978897e-03 9.9999999999999989e-01</data></F>
<Total_Reprojection_Error>1.5275286963292518e+00</Total_Reprojection_Error>
</opencv_storage>
